9.846781723249397045e-01 9.177160091192314295e-02
6.175830568232074658e-01 3.306080080957272127e-01
8.884813121260191071e-01 6.715738086559204512e-02
6.966909127199791829e-01 4.472132321011649814e-01
1.885030257242787666e-01 2.871118327614341492e-01
2.733882814702051633e-01 8.668527193090973526e-01
4.163175494267036258e-01 3.139882180526378241e-01
8.076090101012630695e-01 8.811165508726664930e-01
7.704403466348842544e-01 8.509095244413772408e-01
3.213012101748386473e-01 9.117288227781537024e-01
1.189701488362105708e-01 2.773880316491126874e-01
2.916302407495909299e-01 9.770648730397385462e-01
5.261791102386172980e-01 7.330788660387465017e-01
8.960474768397130862e-01 4.564993520903762314e-01
4.911917312358047433e-02 4.317893797782260679e-01
8.108057666262484808e-01 3.815162647486044500e-01
2.729410684112688543e-02 4.847305371778802274e-01
3.026710960600423328e-01 9.550900557467366658e-01
6.081527171289667910e-01 1.728223944077339203e-01
5.729796828217439408e-01 7.483305047814987621e-01
1.313529540212652058e-01 5.139946606975717147e-01
3.356728934173393575e-01 6.711730456761163532e-01
9.430515553933349615e-01 1.167273013684093086e-01
4.966483520884439340e-01 5.216480862287482534e-01
8.295927630251427320e-01 1.493008718692193648e-01
1.605332097803613689e-01 9.939913184370380295e-01
2.406214446017321817e-01 2.511700821965857089e-01
5.151586653275543881e-01 8.012280532086901719e-01
9.603851218946699575e-01 5.847313587956027847e-01
5.340818857152700438e-01 4.692712824077011069e-01
2.896606025668311823e-01 5.040979119530492047e-01
6.503350939842583722e-01 4.089934833591011287e-01
9.280161827923822937e-01 2.481996257568918063e-01
6.446219003058184516e-01 2.305909611886717836e-01
7.215568416951739783e-02 1.855461248753156878e-01
2.521794692856382802e-01 5.623951654979871817e-01
8.987677601212246126e-02 1.254738729362047667e-01
1.431360414709172135e-01 6.939286257502373934e-01
8.473194031996048592e-01 7.869671679424590227e-01
8.653675107581164649e-01 7.144416913396032243e-01
7.369371992502560254e-01 6.271291129970141265e-01
3.761227320472760871e-01 1.530572735321376610e-01
3.996809439156402410e-01 8.241663067794557929e-01
5.864309832764931230e-01 8.985029103294650543e-01
6.286242395563838015e-01 2.133989087773895399e-01
7.449499866018534089e-01 3.636025334293029321e-01
7.174297944735118504e-01 5.483364642549870549e-01
7.034327824146778818e-01 3.987887858994332291e-01
7.801602454540289555e-01 1.002155086166277020e-01
9.343408401888396719e-01 8.144000789027936449e-01
4.614508087398577763e-01 2.015612112720496230e-01
4.765500587579881153e-01 5.706829222898119891e-01
5.665056332468487027e-02 5.951273263472335318e-01
6.613424669626519758e-01 6.502218703060529403e-01
6.758372078978941433e-01 7.569308491533570660e-01
4.236285992997885774e-01 8.491311607711355958e-01
9.131975783480771325e-01 1.653385989727029493e-01
3.990727829427755113e-02 6.600083616882820303e-01
3.476391046217480740e-01 4.102850969592501951e-01
4.590244251871881676e-01 2.291436357716113148e-01
2.300476861661557570e-01 3.579730018141046299e-01
8.760694719420842880e-01 7.900683188944677138e-01
7.618273303419947906e-01 7.268424985496956259e-01
5.412822970472459527e-01 9.870993923289212990e-01
4.414472744104988577e-01 3.931384901463359088e-02
8.591759940295683462e-01 4.757883553226264217e-01
2.053007547882285400e-01 3.435347526043096011e-01
8.380787240541704985e-01 8.324317859511730644e-01
5.914839135756170263e-01 1.920269084654036007e-02
9.999322031527156929e-01 9.632901082241149826e-01
6.658647698937077142e-02 5.353615093115821066e-01
1.954283875397493653e-01 3.027035816735432761e-01
3.546845334106638048e-01 9.367511346001160533e-01
4.083196343788545457e-01 8.788374748810975357e-01
1.740851245510969814e-01 7.011086588888632010e-01
6.820887799123641626e-01 5.662708181565082044e-02
1.586669177391357433e-01 4.257129389824638177e-01
6.356327160668882037e-01 6.869139606839710366e-01
7.920580516294477569e-01 6.096713503496669073e-01
1.242666959278432987e-01 5.509177897113066713e-01
3.818358706259606938e-01 3.727948369529014983e-01
2.292690259823219334e-01 2.500010457228521096e-02
2.128340435943307518e-01 6.427324515544526884e-01
1.428126733978259816e-02 4.769851925719990199e-02
9.745442776438154597e-01 6.142485652066027590e-01
1.037881742720413308e-01 9.074830637593298555e-01
4.836626000509995915e-01 3.562792120676152620e-03
5.639971996384137709e-01 8.281597868784207339e-02
7.523744312268941803e-01 3.224602316941724278e-01
9.089220109001221459e-01 4.963691039505548352e-01
3.687210766509693149e-01 7.696863170437516777e-01
7.223775175201276877e-01 9.472595771823185684e-01
8.379136839534976830e-03 6.322835818287672049e-01
9.541602033096543423e-01 1.367255241436871882e-01
3.114973992087502475e-01 2.600692661965680053e-01
4.316626026527285998e-01 1.900474800268600606e-01
5.521236016684437642e-01 7.775486313211961154e-01
9.420492422441439917e-02 9.248259369410689601e-01
2.631110332299952392e-01 2.999802814460832412e-01
5.066121275740316232e-01 7.790280937167592956e-02
