4.900000000000000000e+02
4.580000000000000000e+02
4.910000000000000000e+02
4.900000000000000000e+02
4.900000000000000000e+02
4.700000000000000000e+02
4.910000000000000000e+02
4.900000000000000000e+02
4.900000000000000000e+02
4.910000000000000000e+02
4.910000000000000000e+02
4.920000000000000000e+02
4.910000000000000000e+02
4.900000000000000000e+02
4.330000000000000000e+02
4.880000000000000000e+02
4.900000000000000000e+02
4.560000000000000000e+02
4.900000000000000000e+02
4.910000000000000000e+02
4.910000000000000000e+02
4.900000000000000000e+02
4.900000000000000000e+02
4.900000000000000000e+02
4.900000000000000000e+02
4.920000000000000000e+02
4.910000000000000000e+02
4.910000000000000000e+02
4.900000000000000000e+02
4.910000000000000000e+02
4.900000000000000000e+02
4.900000000000000000e+02
4.900000000000000000e+02
4.900000000000000000e+02
4.910000000000000000e+02
4.900000000000000000e+02
4.740000000000000000e+02
4.910000000000000000e+02
4.890000000000000000e+02
4.920000000000000000e+02
4.920000000000000000e+02
4.900000000000000000e+02
4.900000000000000000e+02
4.900000000000000000e+02
4.900000000000000000e+02
4.890000000000000000e+02
4.910000000000000000e+02
4.900000000000000000e+02
4.910000000000000000e+02
4.910000000000000000e+02
4.900000000000000000e+02
4.910000000000000000e+02
4.900000000000000000e+02
4.900000000000000000e+02
3.310000000000000000e+02
4.900000000000000000e+02
4.910000000000000000e+02
4.900000000000000000e+02
4.900000000000000000e+02
4.900000000000000000e+02
4.900000000000000000e+02
4.900000000000000000e+02
4.580000000000000000e+02
4.900000000000000000e+02
4.900000000000000000e+02
4.900000000000000000e+02
4.900000000000000000e+02
4.920000000000000000e+02
4.920000000000000000e+02
4.910000000000000000e+02
4.910000000000000000e+02
4.900000000000000000e+02
4.900000000000000000e+02
4.890000000000000000e+02
4.910000000000000000e+02
4.910000000000000000e+02
4.900000000000000000e+02
4.900000000000000000e+02
4.910000000000000000e+02
4.630000000000000000e+02
4.900000000000000000e+02
4.820000000000000000e+02
4.900000000000000000e+02
4.920000000000000000e+02
4.910000000000000000e+02
4.900000000000000000e+02
4.900000000000000000e+02
4.900000000000000000e+02
4.910000000000000000e+02
4.910000000000000000e+02
4.900000000000000000e+02
4.720000000000000000e+02
4.900000000000000000e+02
4.900000000000000000e+02
4.910000000000000000e+02
4.900000000000000000e+02
4.910000000000000000e+02
4.910000000000000000e+02
4.770000000000000000e+02
4.920000000000000000e+02
